CASE#1: 48 105 1 115 172 229 230 231 288 345 346 347 518 520 636 693 750 751 808 810 811 812 813 870 871 872 874 875 932 933 934 935 936 937 940 941 942 943 947 948 949 1006 1007 1008 1066 1067 1069 1070 1128 1129 1186 1188 1189 1246 1247 1248 1362 1419 1420 1421 1423 1424 1538 1539 1596
CASE#2: 22 10 3 4 10 13 14 18 20 62 64 65 67 68 69 70 112 113 236 237 238 239 241 323 364 365 366 367 368 369 451
CASE#3: 47 132 2 3 5 6 64 122 180 238 240 301 359 417 533 591 649 823 825 884 885 944 1002 1007 1008 1068 1069 1070 1072 1074 1078 1137 1138 1139 1140 1144 1145 1146 1147 1148 1149 1207 1208 1209 1210 1211 1212 2024 2025 2026 2028 2029
CASE#4: 59 14 16 46 76 91 106 121 136 166 181 211 226 241 256 271 316 346 361 376 436 466 481 511 541 556 557 572 602 617 632 662 692 707 722 767 782 797 812 842 857 872 917 932 947 977 992 1007 1022 1037 1052 1053 1055 1057 1073 1074 1089 1105 1106 1108 1123 1155
CASE#5: 79 16128 4 5 8 105 202 299 396 590 784 786 787 789 790 791 792 793 891 988 1085 1182 1185 1282 1379 1573 1670 1671 1674 1675 1772 1869 1870 1872 2260 2262 2359 2360 2361 2364 2461 2655 2656 2753 2947 2949 2951 2953 2954 3051 3148 3150 3153 3155 3156 3253 3254 3255 3257 3258 3452 3550 3552 3557 3558 3559 3563 3567 3568 3569 3666 3667 3668 3765 3766 3863 3864 3961 3962 4059 4156 4350 4355 4356 4357 4359 4361 4459 4460 4462
CASE#6: 18 4 1 3 14 25 36 47 59 60 71 93 104 115 116 127 128 130 141 153 164 165
CASE#7: 46 126 51 101 151 201 251 253 303 353 403 453 553 603 653 655 656 706 708 709 710 713 763 863 913 963 1013 1063 1163 1164 1166 1167 1168 1169 1173 1175 1225 1226 1276 1327 1378 1428 1429 1430 1435 1436 1438 1488 1489 1490 1540 1543 1593 1594 1596 1696 1746 1749 1799
CASE#8: 63 114 1 28 55 82 109 163 164 191 218 220 248 275 356 383 385 412 466 493 494 495 496 497 501 528 555 582 609 663 690 719 720 721 748 802 857 860 887 914 941 968 995 1076 1157 1184 1211 1265 1267 1294 1321 1348 1349 1376 1403 1430 1565 1593 1620 1674 1728 1809 1944 1971 2025 2052 2079
CASE#9: 47 224 34 232 298 364 397 430 463 496 562 595 694 793 826 827 860 926 959 992 993 994 1027 1060 1159 1160 1161 1164 1197 1230 1263 1265 1298 1331 1365 1398 1431 1464 1497 1499 1500 1503 1504 1505 1538 1539 1572 1573 1639 1640 1643 1676 1679
CASE#10: 52 32 25 37 49 61 109 121 133 145 157 193 205 217 229 253 277 289 301 325 337 373 409 421 433 445 469 470 471 483 495 496 520 532 544 568 569 581 593 594 606 642 654 666 690 703 715 716 728 752 764 824 836 837 838 839 840
