2003 2003 2003 2003 2003 2003 2003 2003 2003 2003 2003 2003 2003 2003 2003 2003 2003 2003 2003 2003 2003 2003 2003 2003 2003 2003 2003 2003 2003 2003
3 3 3 3 3 3 3 3 3 3 3 3 3 3 3 3 3 3 3 3 3 3 3 3 3 3 3 3 3 3 
1050 1050 1050 1049 1048 1048 1048 1048 1048 1048 1048 1048 1048 1048 1048 1048 1048 1048 1048 1048 1048 1048 1048 1048 1048 1047 1045 1044 1042 1041 
31 31 31 31 31 31 31 31 31 31 31 31 31 31 31 31 31 31 31 31 31 31 31 31 31 31 31 31 31 31 
6 6 6 6 6 6 6 6 6 6 6 6 6 6 6 6 6 6 6 6 6 6 6 6 6 6 6 6 6 6 
106 106 106 106 105 105 105 105 105 105 105 105 105 105 105 105 105 105 105 105 105 105 105 105 105 105 105 105 105 105 
321 321 321 321 321 321 321 321 321 321 321 321 321 321 321 321 321 321 321 321 321 321 321 321 321 321 321 321 321 321 
269 269 269 269 269 269 269 269 269 269 269 269 269 269 269 269 269 269 269 269 269 269 269 269 269 269 269 269 269 269 
7695 7695 7695 7695 7695 7695 7695 7695 7695 7695 7695 7695 7695 7695 7695 7695 7695 7695 7695 7695 7695 7695 7695 7695 7695 7695 7695 7695 7695 7695 
2 2 2 2 2 2 2 2 2 2 2 2 2 2 2 2 2 2 2 2 2 2 2 2 2 2 2 2 2 2 
8963 8963 8963 8963 8963 8963 8963 8963 8963 8963 8963 8963 8963 8963 8963 8963 8963 8963 8963 8963 8963 8963 8963 8963 8963 8963 8963 8963 8963 8963 
1 1 1 1 1 1 1 1 1 1 1 1 1 1 1 1 1 1 1 1 1 1 1 1 1 1 1 1 1 1 
2935 2935 2935 2935 2935 2935 2935 2935 2935 2935 2935 2935 2935 2935 2935 2935 2935 2935 2935 2935 2935 2935 2935 2935 2935 2935 2935 2935 2935 2935 
2 2 2 2 2 2 2 2 2 2 2 2 2 2 2 2 2 2 2 2 2 2 2 2 2 2 2 2 2 2 
192 192 192 192 192 192 192 192 192 192 192 192 192 192 192 192 192 192 192 192 192 192 192 192 192 192 192 192 192 192 
225 225 225 225 225 225 225 225 225 225 225 225 225 225 225 225 225 225 225 225 225 225 225 225 225 225 225 225 225 225 
270 270 270 270 270 270 270 270 270 270 270 270 270 270 270 270 270 270 270 270 270 270 270 270 270 270 270 270 270 270 
1988 1988 1988 1988 1988 1988 1988 1988 1988 1988 1988 1988 1988 1988 1988 1988 1988 1988 1988 1988 1988 1988 1988 1988 1988 1988 1988 1988 1988 1988 
2 2 2 2 2 2 2 2 2 2 2 2 2 2 2 2 2 2 2 2 2 2 2 2 2 2 2 2 2 2 
6699 6699 6699 6699 6699 6699 6699 6699 6699 6699 6699 6699 6699 6699 6699 6699 6699 6699 6699 6699 6699 6699 6699 6699 6699 6699 6699 6699 6699 6699 
1015 1015 1015 1015 1015 1015 1015 1015 1015 1015 1015 1015 1015 1015 1015 1015 1015 1015 1015 1015 1015 1015 1015 1015 1015 1015 1015 1015 1015 1015 
723 723 723 723 723 723 723 723 723 723 723 723 723 723 723 723 723 723 723 723 723 723 723 723 723 723 723 723 723 723 
131020 131020 131020 131020 131020 131020 131020 131020 131020 131020 131020 131020 131020 131020 131020 131020 131020 131020 131020 131020 131020 131020 131020 131020 131020 131020 131020 131020 131020 131020 
1401 1401 1401 1401 1401 1401 1401 1401 1401 1401 1401 1401 1401 1401 1401 1401 1401 1401 1401 1401 1401 1401 1401 1401 1401 1401 1401 1401 1401 1401 
897 897 897 897 897 897 897 897 897 897 897 897 897 897 897 897 897 897 897 897 897 897 897 897 897 897 897 897 897 897 
6693 6693 6693 6693 6693 6693 6693 6693 6693 6693 6693 6693 6693 6693 6693 6693 6693 6693 6693 6693 6693 6693 6693 6693 6693 6693 6693 6693 6693 6693 
3537 3537 3537 3537 3537 3537 3537 3537 3537 3537 3537 3537 3537 3537 3537 3537 3537 3537 3537 3537 3537 3537 3537 3537 3537 3537 3537 3537 3537 3537 
1981 1981 1981 1981 1981 1981 1981 1981 1981 1981 1981 1981 1981 1981 1981 1981 1981 1981 1981 1981 1981 1981 1981 1981 1981 1981 1981 1981 1981 1981 
9123 9123 9123 9123 9123 9123 9123 9123 9123 9123 9123 9123 9123 9123 9123 9123 9123 9123 9123 9123 9123 9123 9123 9123 9123 9123 9123 9123 9123 9123 
2 2 2 2 2 2 2 2 2 2 2 2 2 2 2 2 2 2 2 2 2 2 2 2 2 2 2 2 2 2 
564 564 564 564 564 564 564 564 564 564 564 564 564 564 564 564 564 564 564 564 564 564 564 564 564 564 564 564 564 564 
503 503 503 503 503 503 503 503 503 503 503 503 503 503 503 503 503 503 503 503 503 503 503 503 503 503 503 503 503 503 
1641 1641 1641 1641 1641 1641 1641 1641 1641 1641 1641 1641 1641 1641 1641 1641 1641 1641 1641 1641 1641 1641 1641 1641 1641 1641 1641 1641 1641 1641 
3 3 3 3 3 3 3 3 3 3 3 3 3 3 3 3 3 3 3 3 3 3 3 3 3 3 3 3 3 3 
3681 3681 3681 3681 3681 3681 3681 3681 3681 3681 3681 3681 3681 3681 3681 3681 3681 3681 3681 3681 3681 3681 3681 3681 3681 3681 3681 3681 3681 3681 
271 271 271 271 271 271 271 271 271 271 271 271 271 271 271 271 271 271 271 271 271 271 271 271 271 271 271 271 271 271 
10099 10099 10099 10099 10099 10099 10099 10099 10099 10099 10099 10099 10099 10099 10099 10099 10099 10099 10099 10099 10099 10099 10099 10099 10099 10099 10099 10099 10099 10099 
483 483 483 483 483 483 483 483 483 483 483 483 483 483 483 483 483 483 483 483 483 483 483 483 483 483 483 483 483 483 
3398 3398 3398 3398 3398 3398 3398 3398 3398 3398 3398 3398 3398 3398 3398 3398 3398 3398 3398 3398 3398 3398 3398 3398 3398 3398 3398 3398 3398 3398 
5011 5011 5011 5011 5011 5011 5011 5011 5011 5011 5011 5011 5011 5011 5011 5011 5011 5011 5011 5011 5011 5011 5011 5011 5011 5011 5011 5011 5011 5011 
1154 1154 1154 1154 1154 1154 1154 1154 1154 1154 1154 1154 1154 1154 1154 1154 1154 1154 1154 1154 1154 1154 1154 1154 1154 1154 1154 1154 1154 1154 
933 933 933 933 933 933 933 933 933 933 933 933 933 933 933 933 933 933 933 933 933 933 933 933 933 933 933 933 933 933 
1792 1792 1792 1792 1792 1792 1792 1792 1792 1792 1792 1792 1792 1792 1792 1792 1792 1792 1792 1792 1792 1792 1792 1792 1792 1792 1792 1792 1792 1792 
1700 1700 1700 1700 1700 1700 1700 1700 1700 1700 1700 1700 1700 1700 1700 1700 1700 1700 1700 1700 1700 1700 1700 1700 1700 1700 1700 1700 1700 1700 
1063 1063 1063 1063 1063 1063 1063 1063 1063 1063 1063 1063 1063 1063 1063 1063 1063 1063 1063 1063 1063 1063 1063 1063 1063 1063 1063 1063 1063 1063 
1904 1904 1904 1904 1904 1904 1904 1904 1904 1904 1904 1904 1904 1904 1904 1904 1904 1904 1904 1904 1904 1904 1904 1904 1904 1904 1904 1904 1904 1904 
661 661 661 661 661 661 661 661 661 661 661 661 661 661 661 661 661 661 661 661 661 661 661 661 661 661 661 661 661 661 
16025 16025 16025 16025 16025 16025 16025 16025 16025 16025 16025 16025 16025 16025 16025 16025 16025 16025 16025 16025 16025 16025 16025 16025 16025 16025 16025 16025 16025 16025 
97 97 97 97 97 97 97 97 97 97 97 97 97 97 97 97 97 97 97 97 97 97 97 97 97 97 97 97 97 97 
2 2 2 2 2 2 2 2 2 2 2 2 2 2 2 2 2 2 2 2 2 2 2 2 2 2 2 2 2 2 
1610 1610 1610 1610 1610 1610 1610 1610 1610 1610 1610 1610 1610 1610 1610 1610 1610 1610 1610 1610 1610 1610 1610 1610 1610 1610 1610 1610 1610 1610 
1529 1529 1529 1529 1529 1529 1529 1529 1529 1529 1529 1529 1529 1529 1529 1529 1529 1529 1529 1529 1529 1529 1529 1529 1529 1529 1529 1529 1529 1529 
1726 1726 1726 1726 1726 1726 1726 1726 1726 1726 1726 1726 1726 1726 1726 1726 1726 1726 1726 1726 1726 1726 1726 1726 1726 1726 1726 1726 1726 1726 
9058 9058 9058 9058 9058 9058 9058 9058 9058 9058 9058 9058 9058 9058 9058 9058 9058 9058 9058 9058 9058 9058 9058 9058 9058 9058 9058 9058 9058 9058 
1851 1851 1851 1851 1851 1851 1851 1851 1851 1851 1851 1851 1851 1851 1851 1851 1851 1851 1851 1851 1851 1851 1851 1851 1851 1851 1851 1851 1851 1851 
623 623 623 623 623 623 623 623 623 623 623 623 623 623 623 623 623 623 623 623 623 623 623 623 623 623 623 623 623 623 
1646 1646 1646 1646 1646 1646 1646 1646 1646 1646 1646 1646 1646 1646 1646 1646 1646 1646 1646 1646 1646 1646 1646 1646 1646 1646 1646 1646 1646 1646 
4995 4995 4995 4995 4995 4995 4995 4995 4995 4995 4995 4995 4995 4995 4995 4995 4995 4995 4995 4995 4995 4995 4995 4995 4995 4995 4995 4995 4995 4995 
6151 6151 6151 6151 6151 6151 6151 6151 6151 6151 6151 6151 6151 6151 6151 6151 6151 6151 6151 6151 6151 6151 6151 6151 6151 6151 6151 6151 6151 6151 
1 1 1 1 1 1 1 1 1 1 1 1 1 1 1 1 1 1 1 1 1 1 1 1 1 1 1 1 1 1 
3 3 3 3 3 3 3 3 3 3 3 3 3 3 3 3 3 3 3 3 3 3 3 3 3 3 3 3 3 3 
1502 1502 1502 1502 1502 1502 1502 1502 1502 1502 1502 1502 1502 1502 1502 1502 1502 1502 1502 1502 1502 1502 1502 1502 1502 1502 1502 1502 1502 1502 
14998 14998 14998 14998 14998 14998 14998 14998 14998 14998 14998 14998 14998 14998 14998 14998 14998 14998 14998 14998 14998 14998 14998 14998 14998 14998 14998 14998 14998 14998 
2 2 2 2 2 2 2 2 2 2 2 2 2 2 2 2 2 2 2 2 2 2 2 2 2 2 2 2 2 2 
2 2 2 2 2 2 2 2 2 2 2 2 2 2 2 2 2 2 2 2 2 2 2 2 2 2 2 2 2 2 
2766 2766 2766 2766 2766 2766 2766 2766 2766 2766 2766 2766 2766 2766 2766 2766 2766 2766 2766 2766 2766 2766 2766 2766 2766 2766 2766 2766 2766 2766 
2848 2848 2848 2848 2848 2848 2848 2848 2848 2848 2848 2848 2848 2848 2848 2848 2848 2848 2848 2848 2848 2848 2848 2848 2848 2848 2848 2848 2848 2848 
2272 2272 2272 2272 2272 2272 2272 2272 2272 2272 2272 2272 2272 2272 2272 2272 2272 2272 2272 2272 2272 2272 2272 2272 2272 2272 2272 2272 2272 2272 
1733 1733 1733 1733 1733 1733 1733 1733 1733 1733 1733 1733 1733 1733 1733 1733 1733 1733 1733 1733 1733 1733 1733 1733 1733 1733 1733 1733 1733 1733 
792 792 792 792 792 792 792 792 792 792 792 792 792 792 792 792 792 792 792 792 792 792 792 792 792 792 792 792 792 792 
7184 7184 7184 7184 7184 7184 7184 7184 7184 7184 7184 7184 7184 7184 7184 7184 7184 7184 7184 7184 7184 7184 7184 7184 7184 7184 7184 7184 7184 7184 
5974 5974 5974 5974 5974 5974 5974 5974 5974 5974 5974 5974 5974 5974 5974 5974 5974 5974 5974 5974 5974 5974 5974 5974 5974 5974 5974 5974 5974 5974 
10791 10791 10791 10791 10791 10791 10791 10791 10791 10791 10791 10791 10791 10791 10791 10791 10791 10791 10791 10791 10791 10791 10791 10791 10791 10791 10791 10791 10791 10791 
2 2 2 2 2 2 2 2 2 2 2 2 2 2 2 2 2 2 2 2 2 2 2 2 2 2 2 2 2 2 
21604 21604 21604 21604 21604 21604 21604 21604 21604 21604 21604 21604 21604 21604 21604 21604 21604 21604 21604 21604 21604 21604 21604 21604 21604 21604 21604 21604 21604 21604 
18171 18171 18171 18171 18171 18171 18171 18171 18171 18171 18171 18171 18171 18171 18171 18171 18171 18171 18171 18171 18171 18171 18171 18171 18171 18171 18171 18171 18171 18171 
189 189 189 189 189 189 189 189 189 189 189 189 189 189 189 189 189 189 189 189 189 189 189 189 189 189 189 189 189 189 
159 159 159 159 159 159 159 159 159 159 159 159 159 159 159 159 159 159 159 159 159 159 159 159 159 159 159 159 159 159 
366 366 366 366 366 366 366 366 366 366 366 366 366 366 366 366 366 366 366 366 366 366 366 366 366 366 366 366 366 366 
3 3 3 3 3 3 3 3 3 3 3 3 3 3 3 3 3 3 3 3 3 3 3 3 3 3 3 3 3 3 
107 107 107 107 107 107 107 107 107 107 107 107 107 107 107 107 107 107 107 107 107 107 107 107 107 107 107 107 107 107 
826 826 826 826 826 826 826 826 826 826 826 826 826 826 826 826 826 826 826 826 826 826 826 826 826 826 826 826 826 826 
92737 92737 92737 92737 92737 92737 92737 92737 92737 92737 92737 92737 92737 92737 92737 92737 92737 92737 92737 92737 92737 92737 92737 92737 92737 92737 92737 92737 92737 92737 
1114 1114 1114 1114 1114 1114 1114 1114 1114 1114 1114 1114 1114 1114 1114 1114 1114 1114 1114 1114 1114 1114 1114 1114 1114 1114 1114 1114 1114 1114 
93536 93536 93536 93536 93536 93536 93536 93536 93536 93536 93536 93536 93536 93536 93536 93536 93536 93536 93536 93536 93536 93536 93536 93536 93536 93536 93536 93536 93536 93536 
1435 1435 1435 1435 1435 1435 1435 1435 1435 1435 1435 1435 1435 1435 1435 1435 1435 1435 1435 1435 1435 1435 1435 1435 1435 1435 1435 1435 1435 1435 
639 639 639 639 639 639 639 639 639 639 639 639 639 639 639 639 639 639 639 639 639 639 639 639 639 639 639 639 639 639 
2 2 2 2 2 2 2 2 2 2 2 2 2 2 2 2 2 2 2 2 2 2 2 2 2 2 2 2 2 2 
8604 8604 8604 8604 8604 8604 8604 8604 8604 8604 8604 8604 8604 8604 8604 8604 8604 8604 8604 8604 8604 8604 8604 8604 8604 8604 8604 8604 8604 8604 
925 925 925 925 925 925 925 925 925 925 925 925 925 925 925 925 925 925 925 925 925 925 925 925 925 925 925 925 925 925 
1862 1862 1862 1862 1862 1862 1862 1862 1862 1862 1862 1862 1862 1862 1862 1862 1862 1862 1862 1862 1862 1862 1862 1862 1862 1862 1862 1862 1862 1862 
9598 9598 9598 9598 9598 9598 9598 9598 9598 9598 9598 9598 9598 9598 9598 9598 9598 9598 9598 9598 9598 9598 9598 9598 9598 9598 9598 9598 9598 9598 
2734 2734 2734 2734 2734 2734 2734 2734 2734 2734 2734 2734 2734 2734 2734 2734 2734 2734 2734 2734 2734 2734 2734 2734 2734 2734 2734 2734 2734 2734 
1498 1498 1498 1498 1498 1498 1498 1498 1498 1498 1498 1498 1498 1498 1498 1498 1498 1498 1498 1498 1498 1498 1498 1498 1498 1498 1498 1498 1498 1498 
2978 2978 2978 2978 2978 2978 2978 2978 2978 2978 2978 2978 2978 2978 2978 2978 2978 2978 2978 2978 2978 2978 2978 2978 2978 2978 2978 2978 2978 2978 
867 867 867 867 867 867 867 867 867 867 867 867 867 867 867 867 867 867 867 867 867 867 867 867 867 867 867 867 867 867 
2473 2473 2473 2473 2473 2473 2473 2473 2473 2473 2473 2473 2473 2473 2473 2473 2473 2473 2473 2473 2473 2473 2473 2473 2473 2473 2473 2473 2473 2473 
2 2 2 2 2 2 2 2 2 2 2 2 2 2 2 2 2 2 2 2 2 2 2 2 2 2 2 2 2 2 
1814 1814 1814 1814 1814 1814 1814 1814 1814 1814 1814 1814 1814 1814 1814 1814 1814 1814 1814 1814 1814 1814 1814 1814 1814 1814 1814 1814 1814 1814 
11425 11425 11425 11425 11425 11425 11425 11425 11425 11425 11425 11425 11425 11425 11425 11425 11425 11425 11425 11425 11425 11425 11425 11425 11425 11425 11425 11425 11425 11425 
6465 6465 6465 6465 6465 6465 6465 6465 6465 6465 6465 6465 6465 6465 6465 6465 6465 6465 6465 6465 6465 6465 6465 6465 6465 6465 6465 6465 6465 6465 
773 773 773 773 773 773 773 773 773 773 773 773 773 773 773 773 773 773 773 773 773 773 773 773 773 773 773 773 773 773 
1104 1104 1104 1104 1104 1104 1104 1104 1104 1104 1104 1104 1104 1104 1104 1104 1104 1104 1104 1104 1104 1104 1104 1104 1104 1104 1104 1104 1104 1104 
4737 4737 4737 4737 4737 4737 4737 4737 4737 4737 4737 4737 4737 4737 4737 4737 4737 4737 4737 4737 4737 4737 4737 4737 4737 4737 4737 4737 4737 4737 
18025 18025 18025 18025 18025 18025 18025 18025 18025 18025 18025 18025 18025 18025 18025 18025 18025 18025 18025 18025 18025 18025 18025 18025 18025 18025 18025 18025 18025 18025 
3 3 3 3 3 3 3 3 3 3 3 3 3 3 3 3 3 3 3 3 3 3 3 3 3 3 3 3 3 3 
7965 7965 7965 7965 7965 7965 7965 7965 7965 7965 7965 7965 7965 7965 7965 7965 7965 7965 7965 7965 7965 7965 7965 7965 7965 7965 7965 7965 7965 7965 
737 737 737 737 737 737 737 737 737 737 737 737 737 737 737 737 737 737 737 737 737 737 737 737 737 737 737 737 737 737 
1412 1412 1412 1412 1412 1412 1412 1412 1412 1412 1412 1412 1412 1412 1412 1412 1412 1412 1412 1412 1412 1412 1412 1412 1412 1412 1412 1412 1412 1412 
4767 4767 4767 4767 4767 4767 4767 4767 4767 4767 4767 4767 4767 4767 4767 4767 4767 4767 4767 4767 4767 4767 4767 4767 4767 4767 4767 4767 4767 4767 
2424 2424 2424 2424 2424 2424 2424 2424 2424 2424 2424 2424 2424 2424 2424 2424 2424 2424 2424 2424 2424 2424 2424 2424 2424 2424 2424 2424 2424 2424 
1866 1866 1866 1866 1866 1866 1866 1866 1866 1866 1866 1866 1866 1866 1866 1866 1866 1866 1866 1866 1866 1866 1866 1866 1866 1866 1866 1866 1866 1866 
249 249 249 249 249 249 249 249 249 249 249 249 249 249 249 249 249 249 249 249 249 249 249 249 249 249 249 249 249 249 
921 921 921 921 921 921 921 921 921 921 921 921 921 921 921 921 921 921 921 921 921 921 921 921 921 921 921 921 921 921 
9085 9085 9085 9085 9085 9085 9085 9085 9085 9085 9085 9085 9085 9085 9085 9085 9085 9085 9085 9085 9085 9085 9085 9085 9085 9085 9085 9085 9085 9085 
3025 3025 3025 3025 3025 3025 3025 3025 3025 3025 3025 3025 3025 3025 3025 3025 3025 3025 3025 3025 3025 3025 3025 3025 3025 3025 3025 3025 3025 3025 
1881 1881 1881 1881 1881 1881 1881 1881 1881 1881 1881 1881 1881 1881 1881 1881 1881 1881 1881 1881 1881 1881 1881 1881 1881 1881 1881 1881 1881 1881 
2 2 2 2 2 2 2 2 2 2 2 2 2 2 2 2 2 2 2 2 2 2 2 2 2 2 2 2 2 2 
1956 1956 1956 1956 1956 1956 1956 1956 1956 1956 1956 1956 1956 1956 1956 1956 1956 1956 1956 1956 1956 1956 1956 1956 1956 1956 1956 1956 1956 1956 
207 207 207 207 207 207 207 207 207 207 207 207 207 207 207 207 207 207 207 207 207 207 207 207 207 207 207 207 207 207 
682 682 682 682 682 682 682 682 682 682 682 682 682 682 682 682 682 682 682 682 682 682 682 682 682 682 682 682 682 682 
1348 1348 1348 1348 1348 1348 1348 1348 1348 1348 1348 1348 1348 1348 1348 1348 1348 1348 1348 1348 1348 1348 1348 1348 1348 1348 1348 1348 1348 1348 
317 317 317 317 317 317 317 317 317 317 317 317 317 317 317 317 317 317 317 317 317 317 317 317 317 317 317 317 317 317 
22 22 22 22 22 22 22 22 22 22 22 22 22 22 22 22 22 22 22 22 22 22 22 22 22 22 22 22 22 22 
641 641 641 641 641 641 641 641 641 641 641 641 641 641 641 641 641 641 641 641 641 641 641 641 641 641 641 641 641 641 
1 1 1 1 1 1 1 1 1 1 1 1 1 1 1 1 1 1 1 1 1 1 1 1 1 1 1 1 1 1 
322 322 322 322 322 322 322 322 322 322 322 322 322 322 322 322 322 322 322 322 322 322 322 322 322 322 322 322 322 322 
465 465 465 465 465 465 465 465 465 465 465 465 465 465 465 465 465 465 465 465 465 465 465 465 465 465 465 465 465 465 
874 874 874 874 874 874 874 874 874 874 874 874 874 874 874 874 874 874 874 874 874 874 874 874 874 874 874 874 874 874 
196 196 196 196 196 196 196 196 196 196 196 196 196 196 196 196 196 196 196 196 196 196 196 196 196 196 196 196 196 196 
2430 2430 2430 2430 2430 2430 2430 2430 2430 2430 2430 2430 2430 2430 2430 2430 2430 2430 2430 2430 2430 2430 2430 2430 2430 2430 2430 2430 2430 2430 
2631 2631 2631 2631 2631 2631 2631 2631 2631 2631 2631 2631 2631 2631 2631 2631 2631 2631 2631 2631 2631 2631 2631 2631 2631 2631 2631 2631 2631 2631 
270 270 270 270 270 270 270 270 270 270 270 270 270 270 270 270 270 270 270 270 270 270 270 270 270 270 270 270 270 270 
23 23 23 23 23 23 23 23 23 23 23 23 23 23 23 23 23 23 23 23 23 23 23 23 23 23 23 23 23 23 
11161 11161 11161 11161 11161 11161 11161 11161 11161 11161 11161 11161 11161 11161 11161 11161 11161 11161 11161 11161 11161 11161 11161 11161 11161 11161 11161 11161 11161 11161 
1051 1051 1051 1051 1051 1051 1051 1051 1051 1051 1051 1051 1051 1051 1051 1051 1051 1051 1051 1051 1051 1051 1051 1051 1051 1051 1051 1051 1051 1051 
6638 6638 6638 6638 6638 6638 6638 6638 6638 6638 6638 6638 6638 6638 6638 6638 6638 6638 6638 6638 6638 6638 6638 6638 6638 6638 6638 6638 6638 6638 
2594 2594 2594 2594 2594 2594 2594 2594 2594 2594 2594 2594 2594 2594 2594 2594 2594 2594 2594 2594 2594 2594 2594 2594 2594 2594 2594 2594 2594 2594 
753 753 753 753 753 753 753 753 753 753 753 753 753 753 753 753 753 753 753 753 753 753 753 753 753 753 753 753 753 753 
415 415 415 415 415 415 415 415 415 415 415 415 415 415 415 415 415 415 415 415 415 415 415 415 415 415 415 415 415 415 
6222 6222 6222 6222 6222 6222 6222 6222 6222 6222 6222 6222 6222 6222 6222 6222 6222 6222 6222 6222 6222 6222 6222 6222 6222 6222 6222 6222 6222 6222 
457 457 457 457 457 457 457 457 457 457 457 457 457 457 457 457 457 457 457 457 457 457 457 457 457 457 457 457 457 457 
1 1 1 1 1 1 1 1 1 1 1 1 1 1 1 1 1 1 1 1 1 1 1 1 1 1 1 1 1 1 
869 869 869 869 869 869 869 869 869 869 869 869 869 869 869 869 869 869 869 869 869 869 869 869 869 869 869 869 869 869 
148 148 148 148 148 148 148 148 148 148 148 148 148 148 148 148 148 148 148 148 148 148 148 148 148 148 148 148 148 148 
2108 2108 2108 2108 2108 2108 2108 2108 2108 2108 2108 2108 2108 2108 2108 2108 2108 2108 2108 2108 2108 2108 2108 2108 2108 2108 2108 2108 2108 2108 
3 3 3 3 3 3 3 3 3 3 3 3 3 3 3 3 3 3 3 3 3 3 3 3 3 3 3 3 3 3 
3524 3524 3524 3524 3524 3524 3524 3524 3524 3524 3524 3524 3524 3524 3524 3524 3524 3524 3524 3524 3524 3524 3524 3524 3524 3524 3524 3524 3524 3524 
1785 1785 1785 1785 1785 1785 1785 1785 1785 1785 1785 1785 1785 1785 1785 1785 1785 1785 1785 1785 1785 1785 1785 1785 1785 1785 1785 1785 1785 1785 
1706 1706 1706 1706 1706 1706 1706 1706 1706 1706 1706 1706 1706 1706 1706 1706 1706 1706 1706 1706 1706 1706 1706 1706 1706 1706 1706 1706 1706 1706 
410 410 410 410 410 410 410 410 410 410 410 410 410 410 410 410 410 410 410 410 410 410 410 410 410 410 410 410 410 410 
1093 1093 1093 1093 1093 1093 1093 1093 1093 1093 1093 1093 1093 1093 1093 1093 1093 1093 1093 1093 1093 1093 1093 1093 1093 1093 1093 1093 1093 1093 
1 1 1 1 1 1 1 1 1 1 1 1 1 1 1 1 1 1 1 1 1 1 1 1 1 1 1 1 1 1 
1392 1392 1392 1392 1392 1392 1392 1392 1392 1392 1392 1392 1392 1392 1392 1392 1392 1392 1392 1392 1392 1392 1392 1392 1392 1392 1392 1392 1392 1392 
639 639 639 639 639 639 639 639 639 639 639 639 639 639 639 639 639 639 639 639 639 639 639 639 639 639 639 639 639 639 
812 812 812 812 812 812 812 812 812 812 812 812 812 812 812 812 812 812 812 812 812 812 812 812 812 812 812 812 812 812 
8881 8881 8881 8881 8881 8881 8881 8881 8881 8881 8881 8881 8881 8881 8881 8881 8881 8881 8881 8881 8881 8881 8881 8881 8881 8881 8881 8881 8881 8881 
238 238 238 238 238 238 238 238 238 238 238 238 238 238 238 238 238 238 238 238 238 238 238 238 238 238 238 238 238 238 
981 981 981 981 981 981 981 981 981 981 981 981 981 981 981 981 981 981 981 981 981 981 981 981 981 981 981 981 981 981 
5691 5691 5691 5691 5691 5691 5691 5691 5691 5691 5691 5691 5691 5691 5691 5691 5691 5691 5691 5691 5691 5691 5691 5691 5691 5691 5691 5691 5691 5691 
28 28 28 28 28 28 28 28 28 28 28 28 28 28 28 28 28 28 28 28 28 28 28 28 28 28 28 28 28 28 
1 1 1 1 1 1 1 1 1 1 1 1 1 1 1 1 1 1 1 1 1 1 1 1 1 1 1 1 1 1 
199 199 199 199 199 199 199 199 199 199 199 199 199 199 199 199 199 199 199 199 199 199 199 199 199 199 199 199 199 199 
6416 6416 6416 6416 6416 6416 6416 6416 6416 6416 6416 6416 6416 6416 6416 6416 6416 6416 6416 6416 6416 6416 6416 6416 6416 6416 6416 6416 6416 6416 
703 703 703 703 703 703 703 703 703 703 703 703 703 703 703 703 703 703 703 703 703 703 703 703 703 703 703 703 703 703 
5533 5533 5533 5533 5533 5533 5533 5533 5533 5533 5533 5533 5533 5533 5533 5533 5533 5533 5533 5533 5533 5533 5533 5533 5533 5533 5533 5533 5533 5533 
1 1 1 1 1 1 1 1 1 1 1 1 1 1 1 1 1 1 1 1 1 1 1 1 1 1 1 1 1 1 
1364 1364 1364 1364 1364 1364 1364 1364 1364 1364 1364 1364 1364 1364 1364 1364 1364 1364 1364 1364 1364 1364 1364 1364 1364 1364 1364 1364 1364 1364 
558 558 558 558 558 558 558 558 558 558 558 558 558 558 558 558 558 558 558 558 558 558 558 558 558 558 558 558 558 558 
2 2 2 2 2 2 2 2 2 2 2 2 2 2 2 2 2 2 2 2 2 2 2 2 2 2 2 2 2 2 
2211 2211 2211 2211 2211 2211 2211 2211 2211 2211 2211 2211 2211 2211 2211 2211 2211 2211 2211 2211 2211 2211 2211 2211 2211 2211 2211 2211 2211 2211 
7 7 7 7 7 7 7 7 7 7 7 7 7 7 7 7 7 7 7 7 7 7 7 7 7 7 7 7 7 7 
2 2 2 2 2 2 2 2 2 2 2 2 2 2 2 2 2 2 2 2 2 2 2 2 2 2 2 2 2 2 
4445 4445 4445 4445 4445 4445 4445 4445 4445 4445 4445 4445 4445 4445 4445 4445 4445 4445 4445 4445 4445 4445 4445 4445 4445 4445 4445 4445 4445 4445 
6057 6057 6057 6057 6057 6057 6057 6057 6057 6057 6057 6057 6057 6057 6057 6057 6057 6057 6057 6057 6057 6057 6057 6057 6057 6057 6057 6057 6057 6057 
1482 1482 1482 1482 1482 1482 1482 1482 1482 1482 1482 1482 1482 1482 1482 1482 1482 1482 1482 1482 1482 1482 1482 1482 1482 1482 1482 1482 1482 1482 
4015 4015 4015 4015 4015 4015 4015 4015 4015 4015 4015 4015 4015 4015 4015 4015 4015 4015 4015 4015 4015 4015 4015 4015 4015 4015 4015 4015 4015 4015 
834 834 834 834 834 834 834 834 834 834 834 834 834 834 834 834 834 834 834 834 834 834 834 834 834 834 834 834 834 834 
882 882 882 882 882 882 882 882 882 882 882 882 882 882 882 882 882 882 882 882 882 882 882 882 882 882 882 882 882 882 
1309 1309 1309 1309 1309 1309 1309 1309 1309 1309 1309 1309 1309 1309 1309 1309 1309 1309 1309 1309 1309 1309 1309 1309 1309 1309 1309 1309 1309 1309 
14915 14915 14915 14915 14915 14915 14915 14915 14915 14915 14915 14915 14915 14915 14915 14915 14915 14915 14915 14915 14915 14915 14915 14915 14915 14915 14915 14915 14915 14915 
6054 6054 6054 6054 6054 6054 6054 6054 6054 6054 6054 6054 6054 6054 6054 6054 6054 6054 6054 6054 6054 6054 6054 6054 6054 6054 6054 6054 6054 6054 
36102 36102 36102 36102 36102 36102 36102 36102 36102 36102 36102 36102 36102 36102 36102 36102 36102 36102 36102 36102 36102 36102 36102 36102 36102 36102 36102 36102 36102 36102 
81 81 81 81 81 81 81 81 81 81 81 81 81 81 81 81 81 81 81 81 81 81 81 81 81 81 81 81 81 81 
2571 2571 2571 2571 2571 2571 2571 2571 2571 2571 2571 2571 2571 2571 2571 2571 2571 2571 2571 2571 2571 2571 2571 2571 2571 2571 2571 2571 2571 2571 
1741 1741 1741 1741 1741 1741 1741 1741 1741 1741 1741 1741 1741 1741 1741 1741 1741 1741 1741 1741 1741 1741 1741 1741 1741 1741 1741 1741 1741 1741 
1379 1379 1379 1379 1379 1379 1379 1379 1379 1379 1379 1379 1379 1379 1379 1379 1379 1379 1379 1379 1379 1379 1379 1379 1379 1379 1379 1379 1379 1379 
1 1 1 1 1 1 1 1 1 1 1 1 1 1 1 1 1 1 1 1 1 1 1 1 1 1 1 1 1 1 
7 7 7 7 7 7 7 7 7 7 7 7 7 7 7 7 7 7 7 7 7 7 7 7 7 7 7 7 7 7 
2237 2237 2237 2237 2237 2237 2237 2237 2237 2237 2237 2237 2237 2237 2237 2237 2237 2237 2237 2237 2237 2237 2237 2237 2237 2237 2237 2237 2237 2237 
1041 1041 1041 1041 1041 1041 1041 1041 1041 1041 1041 1041 1041 1041 1041 1041 1041 1041 1041 1041 1041 1041 1041 1041 1041 1041 1041 1041 1041 1041 
4345 4345 4345 4345 4345 4345 4345 4345 4345 4345 4345 4345 4345 4345 4345 4345 4345 4345 4345 4345 4345 4345 4345 4345 4345 4345 4345 4345 4345 4345 
34606 34606 34606 34606 34606 34606 34606 34606 34606 34606 34606 34606 34606 34606 34606 34606 34606 34606 34606 34606 34606 34606 34606 34606 34606 34606 34606 34606 34606 34606 
1 1 1 1 1 1 1 1 1 1 1 1 1 1 1 1 1 1 1 1 1 1 1 1 1 1 1 1 1 1 
1560 1560 1560 1560 1560 1560 1560 1560 1560 1560 1560 1560 1560 1560 1560 1560 1560 1560 1560 1560 1560 1560 1560 1560 1560 1560 1560 1560 1560 1560 
4329 4329 4329 4329 4329 4329 4329 4329 4329 4329 4329 4329 4329 4329 4329 4329 4329 4329 4329 4329 4329 4329 4329 4329 4329 4329 4329 4329 4329 4329 
1881 1881 1881 1881 1881 1881 1881 1881 1881 1881 1881 1881 1881 1881 1881 1881 1881 1881 1881 1881 1881 1881 1881 1881 1881 1881 1881 1881 1881 1881 
1405 1405 1405 1405 1405 1405 1405 1405 1405 1405 1405 1405 1405 1405 1405 1405 1405 1405 1405 1405 1405 1405 1405 1405 1405 1405 1405 1405 1405 1405 
2022 2022 2022 2022 2022 2022 2022 2022 2022 2022 2022 2022 2022 2022 2022 2022 2022 2022 2022 2022 2022 2022 2022 2022 2022 2022 2022 2022 2022 2022 
3 3 3 3 3 3 3 3 3 3 3 3 3 3 3 3 3 3 3 3 3 3 3 3 3 3 3 3 3 3 
370 370 370 370 370 370 370 370 370 370 370 370 370 370 370 370 370 370 370 370 370 370 370 370 370 370 370 370 370 370 
1721 1721 1721 1721 1721 1721 1721 1721 1721 1721 1721 1721 1721 1721 1721 1721 1721 1721 1721 1721 1721 1721 1721 1721 1721 1721 1721 1721 1721 1721 
1 1 1 1 1 1 1 1 1 1 1 1 1 1 1 1 1 1 1 1 1 1 1 1 1 1 1 1 1 1 
1103 1103 1103 1103 1103 1103 1103 1103 1103 1103 1103 1103 1103 1103 1103 1103 1103 1103 1103 1103 1103 1103 1103 1103 1103 1103 1103 1103 1103 1103 
88 88 88 88 88 88 88 88 88 88 88 88 88 88 88 88 88 88 88 88 88 88 88 88 88 88 88 88 88 88 
211 211 211 211 211 211 211 211 211 211 211 211 211 211 211 211 211 211 211 211 211 211 211 211 211 211 211 211 211 211 
1006 1006 1006 1006 1006 1006 1006 1006 1006 1006 1006 1006 1006 1006 1006 1006 1006 1006 1006 1006 1006 1006 1006 1006 1006 1006 1006 1006 1006 1006 
1 1 1 1 1 1 1 1 1 1 1 1 1 1 1 1 1 1 1 1 1 1 1 1 1 1 1 1 1 1 
481 481 481 481 481 481 481 481 481 481 481 481 481 481 481 481 481 481 481 481 481 481 481 481 481 481 481 481 481 481 
129 129 129 129 129 129 129 129 129 129 129 129 129 129 129 129 129 129 129 129 129 129 129 129 129 129 129 129 129 129 
4 4 4 4 4 4 4 4 4 4 4 4 4 4 4 4 4 4 4 4 4 4 4 4 4 4 4 4 4 4 
326 326 326 326 326 326 326 326 326 326 326 326 326 326 326 326 326 326 326 326 326 326 326 326 326 326 326 326 326 326 
785 785 785 785 785 785 785 785 785 785 785 785 785 785 785 785 785 785 785 785 785 785 785 785 785 785 785 785 785 785 
4388 4388 4388 4388 4388 4388 4388 4388 4388 4388 4388 4388 4388 4388 4388 4388 4388 4388 4388 4388 4388 4388 4388 4388 4388 4388 4388 4388 4388 4388 
1630 1630 1630 1630 1630 1630 1630 1630 1630 1630 1630 1630 1630 1630 1630 1630 1630 1630 1630 1630 1630 1630 1630 1630 1630 1630 1630 1630 1630 1630 
2227 2227 2227 2227 2227 2227 2227 2227 2227 2227 2227 2227 2227 2227 2227 2227 2227 2227 2227 2227 2227 2227 2227 2227 2227 2227 2227 2227 2227 2227 
1 1 1 1 1 1 1 1 1 1 1 1 1 1 1 1 1 1 1 1 1 1 1 1 1 1 1 1 1 1 
16385 16385 16385 16385 16385 16385 16385 16385 16385 16385 16385 16385 16385 16385 16385 16385 16385 16385 16385 16385 16385 16385 16385 16385 16385 16385 16385 16385 16385 16385 
6635 6635 6635 6635 6635 6635 6635 6635 6635 6635 6635 6635 6635 6635 6635 6635 6635 6635 6635 6635 6635 6635 6635 6635 6635 6635 6635 6635 6635 6635 
2440 2440 2440 2440 2440 2440 2440 2440 2440 2440 2440 2440 2440 2440 2440 2440 2440 2440 2440 2440 2440 2440 2440 2440 2440 2440 2440 2440 2440 2440 
7440 7440 7440 7440 7440 7440 7440 7440 7440 7440 7440 7440 7440 7440 7440 7440 7440 7440 7440 7440 7440 7440 7440 7440 7440 7440 7440 7440 7440 7440 
5 5 5 5 5 5 5 5 5 5 5 5 5 5 5 5 5 5 5 5 5 5 5 5 5 5 5 5 5 5 
7069 7069 7069 7069 7069 7069 7069 7069 7069 7069 7069 7069 7069 7069 7069 7069 7069 7069 7069 7069 7069 7069 7069 7069 7069 7069 7069 7069 7069 7069 
1 1 1 1 1 1 1 1 1 1 1 1 1 1 1 1 1 1 1 1 1 1 1 1 1 1 1 1 1 1 
4742 4742 4742 4742 4742 4742 4742 4742 4742 4742 4742 4742 4742 4742 4742 4742 4742 4742 4742 4742 4742 4742 4742 4742 4742 4742 4742 4742 4742 4742 
235 235 235 235 235 235 235 235 235 235 235 235 235 235 235 235 235 235 235 235 235 235 235 235 235 235 235 235 235 235 
339 339 339 339 339 339 339 339 339 339 339 339 339 339 339 339 339 339 339 339 339 339 339 339 339 339 339 339 339 339 
1 1 1 1 1 1 1 1 1 1 1 1 1 1 1 1 1 1 1 1 1 1 1 1 1 1 1 1 1 1 
1 1 1 1 1 1 1 1 1 1 1 1 1 1 1 1 1 1 1 1 1 1 1 1 1 1 1 1 1 1 
4415 4415 4415 4415 4415 4415 4415 4415 4415 4415 4415 4415 4415 4415 4415 4415 4415 4415 4415 4415 4415 4415 4415 4415 4415 4415 4415 4415 4415 4415 
1 1 1 1 1 1 1 1 1 1 1 1 1 1 1 1 1 1 1 1 1 1 1 1 1 1 1 1 1 1 
734 734 734 734 734 734 734 734 734 734 734 734 734 734 734 734 734 734 734 734 734 734 734 734 734 734 734 734 734 734 
605 605 605 605 605 605 605 605 605 605 605 605 605 605 605 605 605 605 605 605 605 605 605 605 605 605 605 605 605 605 
80 80 80 80 80 80 80 80 80 80 80 80 80 80 80 80 80 80 80 80 80 80 80 80 80 80 80 80 80 80 
5193 5193 5193 5193 5193 5193 5193 5193 5193 5193 5193 5193 5193 5193 5193 5193 5193 5193 5193 5193 5193 5193 5193 5193 5193 5193 5193 5193 5193 5193 
1944 1944 1944 1944 1944 1944 1944 1944 1944 1944 1944 1944 1944 1944 1944 1944 1944 1944 1944 1944 1944 1944 1944 1944 1944 1944 1944 1944 1944 1944 
12807 12807 12807 12807 12807 12807 12807 12807 12807 12807 12807 12807 12807 12807 12807 12807 12807 12807 12807 12807 12807 12807 12807 12807 12807 12807 12807 12807 12807 12807 
2874 2874 2874 2874 2874 2874 2874 2874 2874 2874 2874 2874 2874 2874 2874 2874 2874 2874 2874 2874 2874 2874 2874 2874 2874 2874 2874 2874 2874 2874 
4 4 4 4 4 4 4 4 4 4 4 4 4 4 4 4 4 4 4 4 4 4 4 4 4 4 4 4 4 4 
1 1 1 1 1 1 1 1 1 1 1 1 1 1 1 1 1 1 1 1 1 1 1 1 1 1 1 1 1 1 
822 822 822 822 822 822 822 822 822 822 822 822 822 822 822 822 822 822 822 822 822 822 822 822 822 822 822 822 822 822 
1358 1358 1358 1358 1358 1358 1358 1358 1358 1358 1358 1358 1358 1358 1358 1358 1358 1358 1358 1358 1358 1358 1358 1358 1358 1358 1358 1358 1358 1358 
1071 1071 1071 1071 1071 1071 1071 1071 1071 1071 1071 1071 1071 1071 1071 1071 1071 1071 1071 1071 1071 1071 1071 1071 1071 1071 1071 1071 1071 1071 
1 1 1 1 1 1 1 1 1 1 1 1 1 1 1 1 1 1 1 1 1 1 1 1 1 1 1 1 1 1 
352103 352103 352103 352103 352103 352103 352103 352103 352103 352103 352103 352103 352103 352103 352103 352103 352103 352103 352103 352103 352103 352103 352103 352103 352103 352103 352103 352103 352103 352103 
2 2 2 2 2 2 2 2 2 2 2 2 2 2 2 2 2 2 2 2 2 2 2 2 2 2 2 2 2 2 
1774 1774 1774 1774 1774 1774 1774 1774 1774 1774 1774 1774 1774 1774 1774 1774 1774 1774 1774 1774 1774 1774 1774 1774 1774 1774 1774 1774 1774 1774 
6227 6227 6227 6227 6227 6227 6227 6227 6227 6227 6227 6227 6227 6227 6227 6227 6227 6227 6227 6227 6227 6227 6227 6227 6227 6227 6227 6227 6227 6227 
4464 4464 4464 4464 4464 4464 4464 4464 4464 4464 4464 4464 4464 4464 4464 4464 4464 4464 4464 4464 4464 4464 4464 4464 4464 4464 4464 4464 4464 4464 
148 148 148 148 148 148 148 148 148 148 148 148 148 148 148 148 148 148 148 148 148 148 148 148 148 148 148 148 148 148 
6257 6257 6257 6257 6257 6257 6257 6257 6257 6257 6257 6257 6257 6257 6257 6257 6257 6257 6257 6257 6257 6257 6257 6257 6257 6257 6257 6257 6257 6257 
1621 1621 1621 1621 1621 1621 1621 1621 1621 1621 1621 1621 1621 1621 1621 1621 1621 1621 1621 1621 1621 1621 1621 1621 1621 1621 1621 1621 1621 1621 
1764 1764 1764 1764 1764 1764 1764 1764 1764 1764 1764 1764 1764 1764 1764 1764 1764 1764 1764 1764 1764 1764 1764 1764 1764 1764 1764 1764 1764 1764 
4330 4330 4330 4330 4330 4330 4330 4330 4330 4330 4330 4330 4330 4330 4330 4330 4330 4330 4330 4330 4330 4330 4330 4330 4330 4330 4330 4330 4330 4330 
2606 2606 2606 2606 2606 2606 2606 2606 2606 2606 2606 2606 2606 2606 2606 2606 2606 2606 2606 2606 2606 2606 2606 2606 2606 2606 2606 2606 2606 2606 
2375 2375 2375 2375 2375 2375 2375 2375 2375 2375 2375 2375 2375 2375 2375 2375 2375 2375 2375 2375 2375 2375 2375 2375 2375 2375 2375 2375 2375 2375 
1 1 1 1 1 1 1 1 1 1 1 1 1 1 1 1 1 1 1 1 1 1 1 1 1 1 1 1 1 1 
2 2 2 2 2 2 2 2 2 2 2 2 2 2 2 2 2 2 2 2 2 2 2 2 2 2 2 2 2 2 
279 279 279 279 279 279 279 279 279 279 279 279 279 279 279 279 279 279 279 279 279 279 279 279 279 279 279 279 279 279 
41 41 41 41 41 41 41 41 41 41 41 41 41 41 41 41 41 41 41 41 41 41 41 41 41 41 41 41 41 41 
468 468 468 468 468 468 468 468 468 468 468 468 468 468 468 468 468 468 468 468 468 468 468 468 468 468 468 468 468 468 
555 555 555 555 555 555 555 555 555 555 555 555 555 555 555 555 555 555 555 555 555 555 555 555 555 555 555 555 555 555 
1 1 1 1 1 1 1 1 1 1 1 1 1 1 1 1 1 1 1 1 1 1 1 1 1 1 1 1 1 1 
1907 1907 1907 1907 1907 1907 1907 1907 1907 1907 1907 1907 1907 1907 1907 1907 1907 1907 1907 1907 1907 1907 1907 1907 1907 1907 1907 1907 1907 1907 
7654 7654 7654 7654 7654 7654 7654 7654 7654 7654 7654 7654 7654 7654 7654 7654 7654 7654 7654 7654 7654 7654 7654 7654 7654 7654 7654 7654 7654 7654 
700 700 700 700 700 700 700 700 700 700 700 700 700 700 700 700 700 700 700 700 700 700 700 700 700 700 700 700 700 700 
1774 1774 1774 1774 1774 1774 1774 1774 1774 1774 1774 1774 1774 1774 1774 1774 1774 1774 1774 1774 1774 1774 1774 1774 1774 1774 1774 1774 1774 1774 
102 102 102 102 102 102 102 102 102 102 102 102 102 102 102 102 102 102 102 102 102 102 102 102 102 102 102 102 102 102 
6816 6816 6816 6816 6816 6816 6816 6816 6816 6816 6816 6816 6816 6816 6816 6816 6816 6816 6816 6816 6816 6816 6816 6816 6816 6816 6816 6816 6816 6816 
1182 1182 1182 1182 1182 1182 1182 1182 1182 1182 1182 1182 1182 1182 1182 1182 1182 1182 1182 1182 1182 1182 1182 1182 1182 1182 1182 1182 1182 1182 
529 529 529 529 529 529 529 529 529 529 529 529 529 529 529 529 529 529 529 529 529 529 529 529 529 529 529 529 529 529 
5566 5566 5566 5566 5566 5566 5566 5566 5566 5566 5566 5566 5566 5566 5566 5566 5566 5566 5566 5566 5566 5566 5566 5566 5566 5566 5566 5566 5566 5566 
886 886 886 886 886 886 886 886 886 886 886 886 886 886 886 886 886 886 886 886 886 886 886 886 886 886 886 886 886 886 
89 89 89 89 89 89 89 89 89 89 89 89 89 89 89 89 89 89 89 89 89 89 89 89 89 89 89 89 89 89 
6656 6656 6656 6656 6656 6656 6656 6656 6656 6656 6656 6656 6656 6656 6656 6656 6656 6656 6656 6656 6656 6656 6656 6656 6656 6656 6656 6656 6656 6656 
1784 1784 1784 1784 1784 1784 1784 1784 1784 1784 1784 1784 1784 1784 1784 1784 1784 1784 1784 1784 1784 1784 1784 1784 1784 1784 1784 1784 1784 1784 
5200 5200 5200 5200 5200 5200 5200 5200 5200 5200 5200 5200 5200 5200 5200 5200 5200 5200 5200 5200 5200 5200 5200 5200 5200 5200 5200 5200 5200 5200 
3 3 3 3 3 3 3 3 3 3 3 3 3 3 3 3 3 3 3 3 3 3 3 3 3 3 3 3 3 3 
1 1 1 1 1 1 1 1 1 1 1 1 1 1 1 1 1 1 1 1 1 1 1 1 1 1 1 1 1 1 
2016 2016 2016 2016 2016 2016 2016 2016 2016 2016 2016 2016 2016 2016 2016 2016 2016 2016 2016 2016 2016 2016 2016 2016 2016 2016 2016 2016 2016 2016 
878 878 878 878 878 878 878 878 878 878 878 878 878 878 878 878 878 878 878 878 878 878 878 878 878 878 878 878 878 878 
1346 1346 1346 1346 1346 1346 1346 1346 1346 1346 1346 1346 1346 1346 1346 1346 1346 1346 1346 1346 1346 1346 1346 1346 1346 1346 1346 1346 1346 1346 
6023 6023 6023 6023 6023 6023 6023 6023 6023 6023 6023 6023 6023 6023 6023 6023 6023 6023 6023 6023 6023 6023 6023 6023 6023 6023 6023 6023 6023 6023 
775 775 775 775 775 775 775 775 775 775 775 775 775 775 775 775 775 775 775 775 775 775 775 775 775 775 775 775 775 775 
15948 15948 15948 15948 15948 15948 15948 15948 15948 15948 15948 15948 15948 15948 15948 15948 15948 15948 15948 15948 15948 15948 15948 15948 15948 15948 15948 15948 15948 15948 
2346 2346 2346 2346 2346 2346 2346 2346 2346 2346 2346 2346 2346 2346 2346 2346 2346 2346 2346 2346 2346 2346 2346 2346 2346 2346 2346 2346 2346 2346 
1 1 1 1 1 1 1 1 1 1 1 1 1 1 1 1 1 1 1 1 1 1 1 1 1 1 1 1 1 1 
2470 2470 2470 2470 2470 2470 2470 2470 2470 2470 2470 2470 2470 2470 2470 2470 2470 2470 2470 2470 2470 2470 2470 2470 2470 2470 2470 2470 2470 2470 
2294 2294 2294 2294 2294 2294 2294 2294 2294 2294 2294 2294 2294 2294 2294 2294 2294 2294 2294 2294 2294 2294 2294 2294 2294 2294 2294 2294 2294 2294 
395 395 395 395 395 395 395 395 395 395 395 395 395 395 395 395 395 395 395 395 395 395 395 395 395 395 395 395 395 395 
1024 1024 1024 1024 1024 1024 1024 1024 1024 1024 1024 1024 1024 1024 1024 1024 1024 1024 1024 1024 1024 1024 1024 1024 1024 1024 1024 1024 1024 1024 
16534 16534 16534 16534 16534 16534 16534 16534 16534 16534 16534 16534 16534 16534 16534 16534 16534 16534 16534 16534 16534 16534 16534 16534 16534 16534 16534 16534 16534 16534 
694 694 694 694 694 694 694 694 694 694 694 694 694 694 694 694 694 694 694 694 694 694 694 694 694 694 694 694 694 694 
1972 1972 1972 1972 1972 1972 1972 1972 1972 1972 1972 1972 1972 1972 1972 1972 1972 1972 1972 1972 1972 1972 1972 1972 1972 1972 1972 1972 1972 1972 
892 892 892 892 892 892 892 892 892 892 892 892 892 892 892 892 892 892 892 892 892 892 892 892 892 892 892 892 892 892 
3565 3565 3565 3565 3565 3565 3565 3565 3565 3565 3565 3565 3565 3565 3565 3565 3565 3565 3565 3565 3565 3565 3565 3565 3565 3565 3565 3565 3565 3565 
606 606 606 606 606 606 606 606 606 606 606 606 606 606 606 606 606 606 606 606 606 606 606 606 606 606 606 606 606 606 
2745 2745 2745 2745 2745 2745 2745 2745 2745 2745 2745 2745 2745 2745 2745 2745 2745 2745 2745 2745 2745 2745 2745 2745 2745 2745 2745 2745 2745 2745 
6029 6029 6029 6029 6029 6029 6029 6029 6029 6029 6029 6029 6029 6029 6029 6029 6029 6029 6029 6029 6029 6029 6029 6029 6029 6029 6029 6029 6029 6029 
3042 3042 3042 3042 3042 3042 3042 3042 3042 3042 3042 3042 3042 3042 3042 3042 3042 3042 3042 3042 3042 3042 3042 3042 3042 3042 3042 3042 3042 3042 
13376 13376 13376 13376 13376 13376 13376 13376 13376 13376 13376 13376 13376 13376 13376 13376 13376 13376 13376 13376 13376 13376 13376 13376 13376 13376 13376 13376 13376 13376 
78444 78444 78444 78444 78444 78444 78444 78444 78444 78444 78444 78444 78444 78444 78444 78444 78444 78444 78444 78444 78444 78444 78444 78444 78444 78444 78444 78444 78444 78444 
2 2 2 2 2 2 2 2 2 2 2 2 2 2 2 2 2 2 2 2 2 2 2 2 2 2 2 2 2 2 
3545 3545 3545 3545 3545 3545 3545 3545 3545 3545 3545 3545 3545 3545 3545 3545 3545 3545 3545 3545 3545 3545 3545 3545 3545 3545 3545 3545 3545 3545 
2873 2873 2873 2873 2873 2873 2873 2873 2873 2873 2873 2873 2873 2873 2873 2873 2873 2873 2873 2873 2873 2873 2873 2873 2873 2873 2873 2873 2873 2873 
1114 1114 1114 1114 1114 1114 1114 1114 1114 1114 1114 1114 1114 1114 1114 1114 1114 1114 1114 1114 1114 1114 1114 1114 1114 1114 1114 1114 1114 1114 
3122 3122 3122 3122 3122 3122 3122 3122 3122 3122 3122 3122 3122 3122 3122 3122 3122 3122 3122 3122 3122 3122 3122 3122 3122 3122 3122 3122 3122 3122 
1394 1394 1394 1394 1394 1394 1394 1394 1394 1394 1394 1394 1394 1394 1394 1394 1394 1394 1394 1394 1394 1394 1394 1394 1394 1394 1394 1394 1394 1394 
485 485 485 485 485 485 485 485 485 485 485 485 485 485 485 485 485 485 485 485 485 485 485 485 485 485 485 485 485 485 
3295 3295 3295 3295 3295 3295 3295 3295 3295 3295 3295 3295 3295 3295 3295 3295 3295 3295 3295 3295 3295 3295 3295 3295 3295 3295 3295 3295 3295 3295 
11 11 11 11 11 11 11 11 11 11 11 11 11 11 11 11 11 11 11 11 11 11 11 11 11 11 11 11 11 11 
241 241 241 241 241 241 241 241 241 241 241 241 241 241 241 241 241 241 241 241 241 241 241 241 241 241 241 241 241 241 
1248 1248 1248 1248 1248 1248 1248 1248 1248 1248 1248 1248 1248 1248 1248 1248 1248 1248 1248 1248 1248 1248 1248 1248 1248 1248 1248 1248 1248 1248 
4 4 4 4 4 4 4 4 4 4 4 4 4 4 4 4 4 4 4 4 4 4 4 4 4 4 4 4 4 4 
410 410 410 410 410 410 410 410 410 410 410 410 410 410 410 410 410 410 410 410 410 410 410 410 410 410 410 410 410 410 
3 3 3 3 3 3 3 3 3 3 3 3 3 3 3 3 3 3 3 3 3 3 3 3 3 3 3 3 3 3 
193 193 193 193 193 193 193 193 193 193 193 193 193 193 193 193 193 193 193 193 193 193 193 193 193 193 193 193 193 193 
575 575 575 575 575 575 575 575 575 575 575 575 575 575 575 575 575 575 575 575 575 575 575 575 575 575 575 575 575 575 
